299143
120541
46228
82553
296514
126353
158884
258096
210707
200454
238893
195181
156838
197906
171724
24354
11727
183356
27031
294080
166299
10954
11423
29113
192257
258998
227046
94630
252752
183456
276431
27997
37606
54192
70514
273014
59164
162881
124949
287891
80787
20282
98299
188775
142358
106152
54216
148210
213622
57257
190983
166437
72705
23075
197136
150411
60944
143874
49398
252762
139600
57713
284347
91805
263903
161696
141182
104649
280974
122177
76094
124634
87563
62687
25724
197776
49367
84994
92430
118816
273573
15709
13301
47299
240085
283955
81300
268459
233658
155409
39660
176081
64069
220446
198826
53747
240857
17061
176192
272017
52469
152284
169377
48587
117704
242773
218271
107752
140131
108321
93793
255068
17397
76495
132904
35269
27489
197011
226681
183798
237141
77098
264004
77069
143487
13002
219514
202408
58723
209308
140944
181533
135464
259216
266353
30374
217141
100524
41045
195080
273980
144348
157736
25614
179362
191675
250582
109683
215518
101565
136073
176421
279723
281015
247877
125076
296694
231596
208419
237573
236460
196802
95455
147134
55638
39512
166970
29943
174078
206157
298945
198568
136257
33401
48349
212338
25560
91053
143284
239831
117846
231878
1516
211457
112781
81424
189383
51257
34761
207929
235872
121908
125993
49075
261012
26724
294129
160344
46846
46406
93363
203887
258490
246652
86915
210165
230647
284411
288844
44640
288179
38679
191950
209726
184255
99107
98982
225339
8387
218115
85715
161621
129839
263344
140670
298704
39872
141956
212492
33757
153725
286433
200582
209744
66047
183813
141396
37809
290641
240762
10763
240055
141676
23350
240691
221804
164967
41004
229178
272624
25082
191774
260496
248373
252665
2506
275075
174908
156008
46865
286100
226027
169636
259180
212806
231467
201263
13529
119006
241488
173460
197818
37709
216948
220137
150630
147230
33096
116380
119363
240321
128630
270924
274960
293600
201805
117848
125152
198925
65788
98448
248942
130364
73271
82495
182787
29453
292594
3420
206428
